; ----------------------------------------
;
; Enemy formation info / Enemy info
;
; ----------------------------------------
#define b(label)                      .dw label
#define info(map,enum,exp,gold)       .db map, enum \ .dw exp, gold
#define bp(x,y)                       .db x, y
#define be(type,x,y)                  .db type, x, y
#define  e(lvl,hp,sp,str,end,agl,wis) .db lvl \ .dw hp,hp,sp,sp \ .db str,end,agl,wis
#define  a(att,def,spd,md)            .db att,def,spd,md
#define  z(item)                      .db item
#define blank                         .db 0 \ .dw 0,0,0,0 \ .db 0,0,0,0, 0,0,0,0 \ .db 0 \ .dw 0,0,0,0,0,0,0,0 \ .db 0,0,0,0 
; ----------------------------------------

    .dw	zones
    .dw	formations
    .dw	enemies

zones:
    .db 4, 0, 5, 1, 5, 2, 5, 3, 5, 0, 0, 0, 0, 0, 0, 0, 0, 0, 0, 0, 0, 0, 0, 0, 0
    .db 4, 9, 5,10, 5,11, 5,12, 5, 0, 0, 0, 0, 0, 0, 0, 0, 0, 0, 0, 0, 0, 0, 0, 0
    .db 5, 4, 5, 5, 5, 6, 5, 7, 5, 8, 5, 0, 0, 0, 0, 0, 0, 0, 0, 0, 0, 0, 0, 0, 0
    .db 3,32, 5,33, 5,34, 5, 0, 0, 0, 0, 0, 0, 0, 0, 0, 0, 0, 0, 0, 0, 0, 0, 0, 0
    .db 4,35, 5,36, 5,37, 5,38, 5, 0, 0, 0, 0, 0, 0, 0, 0, 0, 0, 0, 0, 0, 0, 0, 0
    .db 4,44, 5,45, 5,46, 5,47, 5, 0, 0, 0, 0, 0, 0, 0, 0, 0, 0, 0, 0, 0, 0, 0, 0
    .db 3,53, 5,54, 5,55, 5, 0, 0, 0, 0, 0, 0, 0, 0, 0, 0, 0, 0, 0, 0, 0, 0, 0, 0
    .db 3,56, 5,57, 5,58, 5, 0, 0, 0, 0, 0, 0, 0, 0, 0, 0, 0, 0, 0, 0, 0, 0, 0, 0
    .db 0, 0, 0, 0, 0, 0, 0, 0, 0, 0, 0, 0, 0, 0, 0, 0, 0, 0, 0, 0, 0, 0, 0, 0, 0 ; blank
    .db 3,59, 5,60, 5,61, 5, 0, 0, 0, 0, 0, 0, 0, 0, 0, 0, 0, 0, 0, 0, 0, 0, 0, 0
    .db 3,104, 5,105, 5,106, 5, 0, 0, 0, 0, 0, 0, 0, 0, 0, 0, 0, 0, 0, 0, 0, 0, 0, 0
    .db 3,78, 5,79, 5,80, 5, 0, 0, 0, 0, 0, 0, 0, 0, 0, 0, 0, 0, 0, 0, 0, 0, 0, 0
    .db 2,81, 5,82, 5, 0, 0, 0, 0, 0, 0, 0, 0, 0, 0, 0, 0, 0, 0, 0, 0, 0, 0, 0, 0
    .db 4,67, 5,68, 5,69, 5,70, 5, 0, 0, 0, 0, 0, 0, 0, 0, 0, 0, 0, 0, 0, 0, 0, 0
    .db 3,71, 5,72, 5,73, 5, 0, 0, 0, 0, 0, 0, 0, 0, 0, 0, 0, 0, 0, 0, 0, 0, 0, 0
    .db 0, 0, 0, 0, 0, 0, 0, 0, 0, 0, 0, 0, 0, 0, 0, 0, 0, 0, 0, 0, 0, 0, 0, 0, 0 ; blank
    .db 0, 0, 0, 0, 0, 0, 0, 0, 0, 0, 0, 0, 0, 0, 0, 0, 0, 0, 0, 0, 0, 0, 0, 0, 0 ; blank
    .db 0, 0, 0, 0, 0, 0, 0, 0, 0, 0, 0, 0, 0, 0, 0, 0, 0, 0, 0, 0, 0, 0, 0, 0, 0 ; blank
    .db 0, 0, 0, 0, 0, 0, 0, 0, 0, 0, 0, 0, 0, 0, 0, 0, 0, 0, 0, 0, 0, 0, 0, 0, 0 ; blank
    .db 0, 0, 0, 0, 0, 0, 0, 0, 0, 0, 0, 0, 0, 0, 0, 0, 0, 0, 0, 0, 0, 0, 0, 0, 0 ; blank
    .db 0, 0, 0, 0, 0, 0, 0, 0, 0, 0, 0, 0, 0, 0, 0, 0, 0, 0, 0, 0, 0, 0, 0, 0, 0 ; blank
    .db 4,114, 5,115, 5,116, 5,117, 1, 0, 0, 0, 0, 0, 0, 0, 0, 0, 0, 0, 0, 0, 0, 0, 0
    .db 0, 0, 0, 0, 0, 0, 0, 0, 0, 0, 0, 0, 0, 0, 0, 0, 0, 0, 0, 0, 0, 0, 0, 0, 0 ; blank
    .db 3,111, 5,112, 5,113, 5, 0, 0, 0, 0, 0, 0, 0, 0, 0, 0, 0, 0, 0, 0, 0, 0, 0, 0
    .db 0, 0, 0, 0, 0, 0, 0, 0, 0, 0, 0, 0, 0, 0, 0, 0, 0, 0, 0, 0, 0, 0, 0, 0, 0 ; blank
    .db 0, 0, 0, 0, 0, 0, 0, 0, 0, 0, 0, 0, 0, 0, 0, 0, 0, 0, 0, 0, 0, 0, 0, 0, 0 ; blank
    .db 0, 0, 0, 0, 0, 0, 0, 0, 0, 0, 0, 0, 0, 0, 0, 0, 0, 0, 0, 0, 0, 0, 0, 0, 0 ; blank
    .db 0, 0, 0, 0, 0, 0, 0, 0, 0, 0, 0, 0, 0, 0, 0, 0, 0, 0, 0, 0, 0, 0, 0, 0, 0 ; blank
    .db 9,148, 5,149, 5,150, 5,151, 5,152, 5,153, 5,154, 5,155, 5,156, 5, 0, 0, 0, 0, 0, 0
    .db 11,137, 5,138, 5,139, 5,140, 5,141, 5,142, 5,143, 5,144, 5,145, 5,146, 5,147, 5, 0, 0
    .db 11,17, 5,18, 5,19, 5,20, 5,21, 5,22, 5,23, 5,24, 5,25, 5,26, 5,27, 5, 0, 0
    .db 4,13, 5,14, 5,15, 5,16, 5, 0, 0, 0, 0, 0, 0, 0, 0, 0, 0, 0, 0, 0, 0, 0, 0
    .db 4,28, 5,29, 5,30, 5,31, 5, 0, 0, 0, 0, 0, 0, 0, 0, 0, 0, 0, 0, 0, 0, 0, 0
    .db 5,39, 5,40, 4,41, 5,42, 6,43, 5, 0, 0, 0, 0, 0, 0, 0, 0, 0, 0, 0, 0, 0, 0
    .db 5,48, 5,49, 5,50, 5,51, 5,52, 5, 0, 0, 0, 0, 0, 0, 0, 0, 0, 0, 0, 0, 0, 0
    .db 5,62, 4,63, 6,64, 4,65, 5,66, 6, 0, 0, 0, 0, 0, 0, 0, 0, 0, 0, 0, 0, 0, 0
    .db 4,74, 5,75, 5,76, 5,77, 5, 0, 0, 0, 0, 0, 0, 0, 0, 0, 0, 0, 0, 0, 0, 0, 0
    .db 4,83, 5,84, 5,85, 5,86, 5, 0, 0, 0, 0, 0, 0, 0, 0, 0, 0, 0, 0, 0, 0, 0, 0
    .db 5,87, 5,88, 5,89, 5,90, 5,91, 5, 0, 0, 0, 0, 0, 0, 0, 0, 0, 0, 0, 0, 0, 0
    .db 4,92, 5,93, 5,94, 3,95, 5, 0, 0, 0, 0, 0, 0, 0, 0, 0, 0, 0, 0, 0, 0, 0, 0
    .db 4,96, 5,97, 5,98, 5,99, 5, 0, 0, 0, 0, 0, 0, 0, 0, 0, 0, 0, 0, 0, 0, 0, 0
    .db 4,100, 5,101, 5,102, 5,103, 5, 0, 0, 0, 0, 0, 0, 0, 0, 0, 0, 0, 0, 0, 0, 0, 0
    .db 3,157, 5,158, 5,159, 5, 0, 0, 0, 0, 0, 0, 0, 0, 0, 0, 0, 0, 0, 0, 0, 0, 0, 0
    .db 4,107, 5,108, 5,109, 5,110, 5, 0, 0, 0, 0, 0, 0, 0, 0, 0, 0, 0, 0, 0, 0, 0, 0
    .db 5,118, 5,119, 5,120, 5,121, 5,122, 5, 0, 0, 0, 0, 0, 0, 0, 0, 0, 0, 0, 0, 0, 0
    .db 5,123, 5,124, 5,125, 5,126, 5,127, 5, 0, 0, 0, 0, 0, 0, 0, 0, 0, 0, 0, 0, 0, 0
    .db 5,128, 5,129, 5,130, 5,131, 5,132, 5, 0, 0, 0, 0, 0, 0, 0, 0, 0, 0, 0, 0, 0, 0
    .db 4,133, 5,134, 5,135, 5,136, 5, 0, 0, 0, 0, 0, 0, 0, 0, 0, 0, 0, 0, 0, 0, 0, 0
    .db 0, 0, 0, 0, 0, 0, 0, 0, 0, 0, 0, 0, 0, 0, 0, 0, 0, 0, 0, 0, 0, 0, 0, 0, 0
    .db 0, 0, 0, 0, 0, 0, 0, 0, 0, 0, 0, 0, 0, 0, 0, 0, 0, 0, 0, 0, 0, 0, 0, 0, 0 ; blank
    .db 0, 0, 0, 0, 0, 0, 0, 0, 0, 0, 0, 0, 0, 0, 0, 0, 0, 0, 0, 0, 0, 0, 0, 0, 0 ; blank
    .db 0, 0, 0, 0, 0, 0, 0, 0, 0, 0, 0, 0, 0, 0, 0, 0, 0, 0, 0, 0, 0, 0, 0, 0, 0 ; blank
    .db 0, 0, 0, 0, 0, 0, 0, 0, 0, 0, 0, 0, 0, 0, 0, 0, 0, 0, 0, 0, 0, 0, 0, 0, 0 ; blank
    .db 0, 0, 0, 0, 0, 0, 0, 0, 0, 0, 0, 0, 0, 0, 0, 0, 0, 0, 0, 0, 0, 0, 0, 0, 0 ; blank
    .db 0, 0, 0, 0, 0, 0, 0, 0, 0, 0, 0, 0, 0, 0, 0, 0, 0, 0, 0, 0, 0, 0, 0, 0, 0 ; blank
    .db 0, 0, 0, 0, 0, 0, 0, 0, 0, 0, 0, 0, 0, 0, 0, 0, 0, 0, 0, 0, 0, 0, 0, 0, 0 ; blank
    .db 0, 0, 0, 0, 0, 0, 0, 0, 0, 0, 0, 0, 0, 0, 0, 0, 0, 0, 0, 0, 0, 0, 0, 0, 0 ; blank
    .db 0, 0, 0, 0, 0, 0, 0, 0, 0, 0, 0, 0, 0, 0, 0, 0, 0, 0, 0, 0, 0, 0, 0, 0, 0 ; blank
    .db 0, 0, 0, 0, 0, 0, 0, 0, 0, 0, 0, 0, 0, 0, 0, 0, 0, 0, 0, 0, 0, 0, 0, 0, 0 ; blank
    .db 0, 0, 0, 0, 0, 0, 0, 0, 0, 0, 0, 0, 0, 0, 0, 0, 0, 0, 0, 0, 0, 0, 0, 0, 0 ; blank
    .db 0, 0, 0, 0, 0, 0, 0, 0, 0, 0, 0, 0, 0, 0, 0, 0, 0, 0, 0, 0, 0, 0, 0, 0, 0 ; blank
    .db 0, 0, 0, 0, 0, 0, 0, 0, 0, 0, 0, 0, 0, 0, 0, 0, 0, 0, 0, 0, 0, 0, 0, 0, 0 ; blank
    .db 0, 0, 0, 0, 0, 0, 0, 0, 0, 0, 0, 0, 0, 0, 0, 0, 0, 0, 0, 0, 0, 0, 0, 0, 0 ; blank
    .db 0, 0, 0, 0, 0, 0, 0, 0, 0, 0, 0, 0, 0, 0, 0, 0, 0, 0, 0, 0, 0, 0, 0, 0, 0 ; blank

formations:
    b( form001 )
    b( form002 )
    b( form003 )
    b( form004 )
    b( form005 )
    b( form006 )
    b( form007 )
    b( form008 )
    b( form009 )
    b( form010 )
    b( form011 )
    b( form012 )
    b( form013 )
    b( form014 )
    b( form015 )
    b( form016 )
    b( form017 )
    b( form018 )
    b( form019 )
    b( form020 )
    b( form021 )
    b( form022 )
    b( form023 )
    b( form024 )
    b( form025 )
    b( form026 )
    b( form027 )
    b( form028 )
    b( form029 )
    b( form030 )
    b( form031 )
    b( form032 )
    b( form033 )
    b( form034 )
    b( form035 )
    b( form036 )
    b( form037 )
    b( form038 )
    b( form039 )
    b( form040 )
    b( form041 )
    b( form042 )
    b( form043 )
    b( form044 )
    b( form045 )
    b( form046 )
    b( form047 )
    b( form048 )
    b( form049 )
    b( form050 )
    b( form051 )
    b( form052 )
    b( form053 )
    b( form054 )
    b( form055 )
    b( form056 )
    b( form057 )
    b( form058 )
    b( form059 )
    b( form060 )
    b( form061 )
    b( form062 )
    b( form063 )
    b( form064 )
    b( form065 )
    b( form066 )
    b( form067 )
    b( form068 )
    b( form069 )
    b( form070 )
    b( form071 )
    b( form072 )
    b( form073 )
    b( form074 )
    b( form075 )
    b( form076 )
    b( form077 )
    b( form078 )
    b( form079 )
    b( form080 )
    b( form081 )
    b( form082 )
    b( form083 )
    b( form084 )
    b( form085 )
    b( form086 )
    b( form087 )
    b( form088 )
    b( form089 )
    b( form090 )
    b( form091 )
    b( form092 )
    b( form093 )
    b( form094 )
    b( form095 )
    b( form096 )
    b( form097 )
    b( form098 )
    b( form099 )
    b( form100 )
    b( form101 )
    b( form102 )
    b( form103 )
    b( form104 )
    b( form105 )
    b( form106 )
    b( form107 )
    b( form108 )
    b( form109 )
    b( form110 )
    b( form111 )
    b( form112 )
    b( form113 )
    b( form114 )
    b( form115 )
    b( form116 )
    b( form117 )
    b( form118 )
    b( form119 )
    b( form120 )
    b( form121 )
    b( form122 )
    b( form123 )
    b( form124 )
    b( form125 )
    b( form126 )
    b( form127 )
    b( form128 )
    b( form129 )
    b( form130 )
    b( form131 )
    b( form132 )
    b( form133 )
    b( form134 )
    b( form135 )
    b( form136 )
    b( form137 )
    b( form138 )
    b( form139 )
    b( form140 )
    b( form141 )
    b( form142 )
    b( form143 )
    b( form144 )
    b( form145 )
    b( form146 )
    b( form147 )
    b( form148 )
    b( form149 )
    b( form150 )
    b( form151 )
    b( form152 )
    b( form153 )
    b( form154 )
    b( form155 )
    b( form156 )
    b( form157 )
    b( form158 )
    b( form159 )
    b( form160 )
	b( form161 )
	b( form162 )
	b( form163 )
	b( form164 )

enemies:
    ; Yak - 4 exp, 5 au
    e( 1,15, 0,   5, 1, 4, 9)
    a( 6, 7, 6, 0)
    z( 0)
    .db  0, 0, 0, 0, 0, 0, 0, 0, 0, 0, 0, 0, 0, 0, 0, 0
    .db 1,1,1,1

    ; Grumble - 7 exp, 7 au
    e( 2,22, 0,   6, 1, 5,11)
    a( 7, 9, 8, 0)
    z( 0)
    .db  0, 0, 0, 0, 0, 0, 0, 0, 0, 0, 0, 0, 0, 0, 0, 0
    .db 1,1,1,1

    ; Oaff - 16 exp, 9 au
    e( 4,34, 0,  11, 1, 9, 8)
    a( 8,20, 5, 0)
    z( 1)
    .db  0, 0, 0, 0, 0, 0, 0, 0, 0, 0, 0, 0, 0, 0, 0, 0
    .db 2,0,1,1

    ; Saru - 10 exp, 9 au
    e( 3,20, 0,  12, 1,200,19)
    a( 5, 1,32, 0)
    z( 1)
    .db  0, 0, 0, 0, 0, 0, 0, 0, 0, 0, 0, 0, 0, 0, 0, 0
    .db 1,1,1,1

    ; Watazka - 12 exp, 15 au
    e( 3,33, 0,  11, 1,12,20)
    a( 9,16,21, 0)
    z( 0)
    .db  0, 0, 0, 0, 0, 0, 0, 0, 0, 0, 0, 0, 0, 0, 0, 0
    .db 1,2,0,1

    ; Golem - 40 exp, 25 au
    e( 3,21, 0,   7, 1, 6, 4)
    a( 7,11, 5, 0)
    z( 0)
    .db  0, 0, 0, 0, 0, 0, 0, 0, 0, 0, 0, 0, 0, 0, 0, 0
    .db 1,0,1,1

    ; Flammie - 24 exp, 21 au
    e( 7,42, 8,  13, 1,26,21)
    a(12,21,15, 0)
    z( 0)
    .db  0, 0, 0, 0, 0, 0, 0, 0, 0, 0, 0, 0, 0, 0, 0, 0
    .db 1,2,0,1

    ; Gutana - 450 exp, 300 au
    e(10,270,100,   8, 1,21,41)
    a(17,20,10, 0)
    z( 0)
    .db  0, 0, 0, 0, 0, 0, 1, 1, 1, 1, 1, 1, 1, 1, 1, 1
    .db 1,2,0,1

    ; TurrenWolf1 - 40 exp, 0 au
    e( 8,60, 0,  14, 4,30,36)
    a(14,23,24, 0)
    z( 0)
    .db  0, 0, 0, 0, 0, 0, 0, 0, 0, 0, 0, 0, 0, 0, 0, 0
    .db 1,1,1,1

    ; TurrenWolf2 - 40 exp, 0 au
    e( 8,60, 0,  12, 4,30,36)
    a(14,23,24, 0)
    z( 0)
    .db  0, 0, 0, 0, 0, 0, 0, 0, 0, 0, 0, 0, 0, 0, 0, 0
    .db 1,1,1,1

    ; TurrenWolf3 - 40 exp, 0 au
    e( 8,60, 0,  13, 4,30,36)
    a(14,23,24, 0)
    z( 0)
    .db  0, 0, 0, 0, 0, 0, 0, 0, 0, 0, 0, 0, 0, 0, 0, 0
    .db 1,1,1,1

    blank
    blank
    ; Victor - 0 exp, 0 au
    e(10,150,40,  22, 1,30,20)
    a(16,30,35, 0)
    z( 0)
    .db  0, 0, 0, 0, 0, 0, 0, 0, 0, 0, 0, 0, 0,15,15,15
    .db 1,1,1,1

    ; Cactruss - 23 exp, 18 au
    e( 6, 2, 0,  19, 1,21,100)
    a( 5,100, 9,100)
    z( 1)
    .db  0, 0, 0, 0, 0, 0, 0, 0, 0, 0, 0, 0, 0, 0, 0, 0
    .db 1,0,2,1

    ; Werdge - 19 exp, 12 au
    e( 7,45, 0,  13, 1,28,13)
    a( 9,19,13, 0)
    z( 0)
    .db  0, 0, 0, 0, 0, 0, 0, 0, 0, 0, 0, 0, 0, 0, 0, 0
    .db 1,1,1,1

    ; Yuk - 20 exp, 14 au
    e( 6,51,20,  11, 1,16,26)
    a(10,16,10, 0)
    z( 0)
    .db  0, 0, 0, 0, 0, 0, 0, 0, 0, 0, 8, 8, 8, 8, 8, 8
    .db 1,2,1,1

    ; FireBat - 29 exp, 19 au
    e( 7,36,10,  12, 1,21,12)
    a(12,18,14,11)
    z( 0)
    .db  0, 0, 0, 0, 0, 0, 0, 0, 0, 1, 1, 1, 1, 1, 1, 1
    .db 1,2,0,1

    ; Grossle - 33 exp, 25 au
    e( 8,65, 0,  14, 1,21,24)
    a(13,23,16, 0)
    z( 1)
    .db  0, 0, 0, 0, 0, 0, 0, 0, 0, 0, 0, 0, 0, 0, 0, 0
    .db 1,1,1,1

    ; Dryathe - 43 exp, 21 au
    e( 8,67,30,  17, 4,21,27)
    a(14,30,21, 0)
    z( 0)
    .db  0, 0, 0, 0, 0, 0, 0, 0, 0, 0, 0, 6, 3, 3, 3, 3
    .db 1,0,2,1

    ; Durange - 39 exp, 29 au
    e( 8,71,30,  17, 1,21,24)
    a(16,32,18, 0)
    z( 0)
    .db  0, 0, 0, 0, 0, 0, 0, 0, 0, 0, 0, 0, 0, 0,22,22
    .db 1,1,1,1

    ; Watazku - 41 exp, 19 au
    e( 9,52, 0,  18, 1,21,20)
    a(16,29,41, 0)
    z( 0)
    .db  0, 0, 0, 0, 0, 0, 0, 0, 0, 0, 0, 0, 0, 0, 0, 0
    .db 1,1,1,1

    ; Root - 10 exp, 0 au
    e( 5,50, 0,  19, 1,19,30)
    a(15,26,21,10)
    z( 0)
    .db  0, 0, 0, 0, 0, 0, 0, 0, 0, 0, 0, 0, 0, 0, 0, 0
    .db 1,0,1,1

    ; Green Mask - 1200 exp, 400 au
    e(13,475,40,  25, 1,30,35)
    a(30,41,39, 0)
    z( 0)
    .db  0, 0, 0, 0, 0, 0, 0, 0, 0, 0,17,16,16,16,16,16
    .db 1,2,2,1

    ; Henchman - 89 exp, 37 au
    e(11,110,50,  17, 1,20,33)
    a(18,39,21, 0)
    z( 0)
    .db  0, 0, 0, 0, 0, 0, 0, 0, 0, 0, 0, 8, 8, 8, 3, 3
    .db 1,1,1,1

    ; Ragnop - 77 exp, 40 au
    e(13,102, 0,  20, 3,10,21)
    a(19,35,10, 0)
    z( 1)
    .db  0, 0, 0, 0, 0, 0, 0, 0, 0, 0, 0, 0, 0, 0, 0, 0
    .db 1,1,0,1

    ; Oaff2 - 180 exp, 60 au
    e(16,190,25,  30, 1,23,43)
    a(25,38,29, 0)
    z( 0)
    .db  0, 0, 0, 0, 0, 0, 0, 0, 0, 0, 0, 0, 0, 7, 7, 7
    .db 1,0,1,1

    ; Wampy - 57 exp, 23 au
    e(10,89, 4,  21, 0,25,26)
    a(20,37,36, 0)
    z( 0)
    .db  0, 0, 0, 0, 0, 0, 0, 0, 0, 0, 0, 0, 0,15,15,15
    .db 1,1,2,1

    ; Yik - 51 exp, 33 au
    e(10,58,30,  17, 1,40,23)
    a(15,35,20, 0)
    z( 2)
    .db  0, 0, 0, 0, 0, 0, 0, 0, 0, 0, 0, 0, 0, 4, 4, 4
    .db 1,1,1,1

    ; FSoldier - 160 exp, 70 au
    e(14,150,48,  30, 0,25,54)
    a(26,39,36, 0)
    z( 5)
    .db  0, 0, 0, 0, 0, 0, 0, 0, 0, 4, 4, 1, 1, 1, 1, 1
    .db 1,2,0,1

    ; Roland - 0 exp, 0 au
    e(10,1000,20,  55,25,28,21)
    a(31,21,24, 0)
    z( 0)
    .db  0, 0, 0, 0, 0, 0, 0, 0, 0, 0, 0,19,19, 2, 2, 2
    .db 1,1,1,1

    ; Werdge2 - 55 exp, 36 au
    e(10,69, 0,  19, 1,20,21)
    a(18,33,90, 0)
    z( 0)
    .db  0, 0, 0, 0, 0, 0, 0, 0, 0, 0, 0, 0, 0, 0, 0, 0
    .db 1,1,1,1

    ; Rat - 38 exp, 5 au
    e( 5,10, 0,  18, 0,20,10)
    a(19,20,66, 0)
    z( 0)
    .db  0, 0, 0, 0, 0, 0, 0, 0, 0, 0, 0, 0, 0, 0, 0, 0
    .db 1,1,1,1

    ; Bat - 53 exp, 21 au
    e( 9,42,30,  19, 1,99,22)
    a(20,34,23, 0)
    z( 0)
    .db  0, 0, 0, 0, 0, 0, 0, 0, 0, 0,10,10,10,10,10,10
    .db 1,1,1,1

    ; Mermud - 62 exp, 12 au
    e(10,48,16,  17, 1,18,32)
    a(16,37,21, 0)
    z( 0)
    .db  0, 0, 0, 0, 0, 0, 0, 0, 2, 2, 2, 2, 2, 2, 2, 2
    .db 1,1,2,2

    ; Exanima - 0 exp, 0 au
    e( 1,10, 0,   1, 0, 1, 0)
    a( 1, 1, 1, 0)
    z( 0)
    .db  0, 0, 0, 0, 0, 0, 0, 0, 0, 0, 0, 0, 0, 0, 0, 0
    .db 1,1,1,1

    ; Bat2 - 0 exp, 0 au
    e( 1,10, 0,   1, 0, 1, 0)
    a( 1, 1, 1, 0)
    z( 0)
    .db  0, 0, 0, 0, 0, 0, 0, 0, 0, 0, 0, 0, 0, 0, 0, 0
    .db 1,1,1,1

    ; BlackSaru - 77 exp, 4 au
    e(11,45, 0,  18, 1,40,15)
    a(18,30,95, 0)
    z( 2)
    .db  0, 0, 0, 0, 0, 0, 0, 0, 0, 0, 0, 0, 0, 0, 0, 0
    .db 1,1,1,1

    ; Folcon - 152 exp, 0 au
    e(15,80, 0,  29, 0,86,57)
    a(22,36,90, 0)
    z( 6)
    .db  0, 0, 0, 0, 0, 0, 0, 0, 0, 0, 0, 0, 0, 0, 0, 0
    .db 1,1,1,2

    ; Grumble2 - 0 exp, 0 au
    e( 1,10, 0,   1, 0, 1, 0)
    a( 1, 1, 1, 0)
    z( 0)
    .db  0, 0, 0, 0, 0, 0, 0, 0, 0, 0, 0, 0, 0, 0, 0, 0
    .db 1,1,1,1

    ; Herrera - 112 exp, 20 au
    e(12,40,40,  19, 1,22,37)
    a(20,37,26, 0)
    z( 0)
    .db  0, 0, 0, 0, 0, 0, 0, 0, 0, 0, 0, 0, 0, 0, 1, 1
    .db 1,2,2,2

    ; Leshiz - 104 exp, 47 au
    e(12,101,80,  20, 1,23,30)
    a(20,39,31, 0)
    z( 0)
    .db  0, 0, 0, 0, 0, 0, 0, 0, 0, 0, 0, 0, 4, 1, 1, 1
    .db 1,1,2,1

    ; Mushroma - 80 exp, 10 au
    e(11,140, 0,  18, 1,29,29)
    a(24,38,50, 0)
    z( 1)
    .db  0, 0, 0, 0, 0, 0, 0, 0, 0, 0, 0, 0, 0, 0, 0, 0
    .db 1,0,2,1

    ; Nitsuj - 100 exp, 0 au
    e( 1, 6,100,   1, 0, 1,200)
    a( 1, 1, 1, 0)
    z( 6)
    .db  8, 8, 8, 8, 8, 8, 8, 8, 8, 8, 8, 8, 8, 8, 8, 8
    .db 1,1,2,1

    ; Pirate - 81 exp, 49 au
    e(11,90, 0,  20, 1,27,22)
    a(20,36,41, 0)
    z( 0)
    .db  0, 0, 0, 0, 0, 0, 0, 0, 0, 0, 0, 0, 0, 0, 0, 0
    .db 1,1,2,1

    ; Shadow Bat - 101 exp, 30 au
    e(12,15,40,  21, 1,29,28)
    a(21,32,31, 0)
    z( 0)
    .db  0, 0, 0, 0, 0, 0, 0, 0, 0, 0, 0, 0, 0,10,10,10
    .db 1,1,1,1

    ; Shadow Saru - 110 exp, 19 au
    e(12,64,28,  21, 1,29, 0)
    a(20,39,42, 0)
    z( 0)
    .db  0, 0, 0, 0, 0, 0, 0, 0, 0, 0, 0, 0,15,15,15,15
    .db 1,0,1,1

    ; Shadow Wampy - 113 exp, 47 au
    e(12,79, 0,  23, 1,24,32)
    a(21,43,37, 0)
    z( 4)
    .db  0, 0, 0, 0, 0, 0, 0, 0, 0, 0, 0, 0, 0, 0, 0, 0
    .db 1,0,1,1

    ; Shadow Yak - 108 exp, 18 au
    e(12,90,20,  30, 1,18,23)
    a(20,40,19, 0)
    z( 0)
    .db  0, 0, 0, 0, 0, 0, 0, 0, 0, 0, 0, 0, 0, 0,22,22
    .db 1,0,1,1

    ; Swear - 305 exp, 90 au
    e(18, 4,100,  39, 0, 1,70)
    a(39,200,32, 0)
    z( 0)
    .db  0, 0, 0, 0, 0, 0, 0, 0, 0, 0, 0, 9, 9, 8, 8, 8
    .db 1,2,2,2

    ; Spectral - 91 exp, 0 au
    e(11,85,17,  20, 1,28,25)
    a(18,32,50, 0)
    z( 2)
    .db  0, 0, 0, 0, 0, 0, 0, 0, 0, 0, 0, 0, 0, 0,10,10
    .db 1,0,0,0

    ; Tasm - 300 exp, 0 au
    e(14,350,80,  20, 1,15,36)
    a(18,39,20, 0)
    z( 0)
    .db  0, 0, 0, 0, 0, 0, 0, 5, 5, 5, 5, 5, 5, 5, 5, 5
    .db 1,0,0,0

    ; Wazzip - 92 exp, 17 au
    e(11,30,33,  17, 1,30,31)
    a(19,20,49, 0)
    z( 0)
    .db  0, 0, 0, 0, 0, 0, 0, 0, 5, 5, 5, 2, 2, 2, 2, 2
    .db 1,2,2,2

    ; Masket - 65 exp, 30 au
    e( 1, 1, 0,   1, 1, 1,100)
    a( 1,100, 1,100)
    z(86)
    .db  1, 1, 1, 1, 1, 1, 1, 1, 1, 1, 1, 1, 1, 1, 1, 1
    .db 2,2,2,2

    ; GWolf1 - 137 exp, 32 au
    e(15,120, 0,  26, 1,27,47)
    a(20,33,45, 0)
    z( 0)
    .db  0, 0, 0, 0, 0, 0, 0, 0, 0, 0, 0,15,15,15,15,15
    .db 1,1,1,1

    ; GWolf2 - 149 exp, 19 au
    e(15,135, 0,  29, 1,27,49)
    a(21,38,40, 0)
    z( 0)
    .db  0, 0, 0, 0, 0, 0, 0, 0, 0, 0, 0, 0, 0,15,15,15
    .db 1,1,1,1

    ; GWolf3 - 158 exp, 43 au
    e(16,150,60,  27, 1,27,52)
    a(26,39,38, 0)
    z( 0)
    .db  0, 0, 0, 0, 0, 0, 0, 0, 0, 0,10,10,10,15,15,15
    .db 1,1,1,1

    ; Soldier - 124 exp, 27 au
    e(14,132, 0,  28, 1,23,29)
    a(20,36,34, 0)
    z( 0)
    .db  0, 0, 0, 0, 0, 0, 0, 0, 0, 0, 0, 0, 0, 0,19,19
    .db 1,1,1,1

    ; Archer - 129 exp, 34 au
    e(14,90,50,  29, 0,28,34)
    a(17,32,42, 0)
    z( 0)
    .db  0, 0, 0, 0, 0, 0,16,16,16,16,16,16,16,16,16,16
    .db 1,1,1,1

    ; Wituzki - 168 exp, 0 au
    e(15,105, 0,  28, 1,36,32)
    a(23,32,58, 0)
    z( 0)
    .db  0, 0, 0, 0, 0, 0, 0, 0, 0, 0, 0, 0, 0, 0, 0, 0
    .db 1,0,1,1

    ; Golem2 - 216 exp, 60 au
    e(15,200,40,  31, 0,26,49)
    a(33,48,34, 0)
    z( 0)
    .db  0, 0, 0, 0, 0, 0, 0, 0, 0, 0, 0, 0, 2, 2, 2, 2
    .db 1,1,1,0

    ; Golem3 - 247 exp, 40 au
    e(16,240,40,  34, 1,24,35)
    a(36,52,30, 0)
    z( 0)
    .db  0, 0, 0, 0, 0, 0, 0, 0, 0, 0, 0, 0, 0, 7, 7, 7
    .db 1,1,1,0

    ; Golem4 - 295 exp, 80 au
    e(17,260,50,  38, 1,34,55)
    a(36,55,34, 0)
    z( 7)
    .db  0, 0, 0, 0, 0, 0, 0, 0, 0, 0, 0, 0, 4, 1, 1, 1
    .db 1,2,1,0

    blank
    ; TurMayor - 650 exp, 200 au
    e(15,400,70,  31, 0,21,19)
    a(29,44,39, 0)
    z( 0)
    .db  0, 0, 0, 0, 0, 0, 0, 0, 0, 0, 0, 0,15,15,15,15
    .db 1,1,1,1

    ; Horf - 0 exp, 0 au
    e( 1,10, 0,   1, 0, 1, 0)
    a( 1, 1, 1, 0)
    z( 0)
    .db  0, 0, 0, 0, 0, 0, 0, 0, 0, 0, 0, 0, 0, 0, 0, 0
    .db 1,1,1,1

    ; Golem66 - 0 exp, 0 au
    e(20,525,75,  38, 1,36,65)
    a(40,60,40, 5)
    z( 7)
    .db  0, 0, 0, 0, 0, 0, 0, 0, 0, 0, 0, 0, 4, 1, 1, 1
    .db 1,2,1,0

    ; Ottorak - 0 exp, 0 au
    e( 1,10, 0,   1, 0, 1, 0)
    a( 1, 1, 1, 0)
    z( 0)
    .db  0, 0, 0, 0, 0, 0, 0, 0, 0, 0, 0,15,15,15,15,15
    .db 1,1,1,1

    ; Zombie - 0 exp, 0 au
    e( 1,10, 0,   1, 0, 1, 0)
    a( 1, 1, 1, 0)
    z( 0)
    .db  0, 0, 0, 0, 0, 0, 0, 0, 0, 0, 0, 0, 0, 0, 0, 0
    .db 1,1,1,1

    ; FloatingEye - 0 exp, 0 au
    e( 1,10, 0,   1, 0, 1, 0)
    a( 1, 1, 1, 0)
    z( 0)
    .db  0, 0, 0, 0, 0, 0, 0, 0, 0, 0, 0, 0,10,10,10,10
    .db 1,1,1,1

    ; EvilArmor - 0 exp, 0 au
    e( 1,10, 0,   1, 0, 1, 0)
    a( 1, 1, 1, 0)
    z( 0)
    .db  0, 0, 0, 0, 0, 0, 0, 0, 0, 0, 0, 0, 0, 0, 0, 0
    .db 1,1,1,1

    ; Lich - 0 exp, 0 au
    e( 1,10, 0,   1, 0, 1, 0)
    a( 1, 1, 1, 0)
    z( 0)
    .db  0, 0, 0, 0, 0, 0, 0, 0, 8, 8, 3, 3, 2, 2, 1, 1
    .db 1,1,1,1

    ; Krait72 - 8000 exp, 0 au
    e( 25,2185, 400,   50, 1, 45, 42)
    a( 55, 52, 35, 5)
    z( 0)
    .db  0, 0, 0, 0, 0, 0, 0, 0, 0, 0, 4, 4, 1, 1, 1, 1
    .db 1,1,1,1

    ; Alutha73 - 8500 exp, 0 au
    e( 25,1888, 500,   55, 1, 42, 40)
    a( 56, 44, 41, 3)
    z( 0)
	.db  0, 0, 0, 0, 0, 0, 0, 0, 0, 0, 0,19,19, 2, 2, 2
    .db 1,1,1,1

    ; Sasquatch - 345 exp, 160 au
    e(19,260,15,  38, 1,35,39)
    a(39,60,31, 0)
    z( 0)
    .db  0, 0, 0, 0, 0, 0, 0, 0, 0, 0, 0, 0, 0,15,15,15
    .db 1,0,2,1

    ; Snowflake - 315 exp, 40 au
    e(19,60,60,  30, 1,70,60)
    a(30,40,45, 0)
    z( 0)
    .db  0, 0, 0, 0, 0, 0, 0, 0, 0, 0, 0, 8, 8, 8, 8,10
    .db 1,1,2,1

    ; FloatingSword - 300 exp, 0 au
    e(18,120,400,   1, 1, 1,52)
    a( 1,46,35, 0)
    z( 8)
    .db  6, 6, 6, 6, 9, 3, 3, 3, 3, 3, 3, 3, 3, 3,22,22
    .db 1,0,2,1

    ; Mummy - 410 exp, 210 au
    e(20,230,300,  22, 1, 1,65)
    a(35,49,32, 0)
    z( 7)
    .db  0, 0, 0, 0, 0, 0, 0, 0, 0, 0,10,10,10,22,22,22
    .db 1,0,1,1

    ; FireWerdge - 0 exp, 0 au
    e( 1,10, 0,   1, 0, 1, 0)
    a( 1, 1, 1, 0)
    z( 0)
    .db  0, 0, 0, 0, 0, 0, 0, 0, 0, 0, 0, 0, 0, 0, 0, 0
    .db 1,1,1,1

    ; Grissle - 323 exp, 40 au
    e(18,170, 0,  38, 1,53,45)
    a(38,42,62, 0)
    z( 0)
    .db  0, 0, 0, 0, 0, 0, 0, 0, 0, 0, 0, 0, 0, 0, 0, 0
    .db 1,2,0,1

    ; NewEagwa - 300 exp, 15 au
    e(18,45,60,  32, 1,58,50)
    a(36,43,41, 0)
    z( 5)
    .db  0, 0, 0, 0, 0, 0, 0, 0, 0, 0, 0, 1, 4, 4, 4, 4
    .db 1,2,1,1

    ; Icewampy - 300 exp, 100 au
    e(18,230, 0,  38, 1,44,50)
    a(37,48,44, 0)
    z( 3)
    .db  0, 0, 0, 0, 0, 0, 0, 0, 0, 0, 0, 0, 0, 0, 0, 0
    .db 1,1,1,1

    ; Icewampy2 - 310 exp, 100 au
    e(18,220,50,  36, 1,48,50)
    a(36,44,39, 0)
    z( 0)
    .db  0, 0, 0, 0, 0, 0,17,17,16,16,16,16,16,16,16,16
    .db 1,1,1,1

    ; Yok - 305 exp, 80 au
    e(17,190,100,  35, 1,39,58)
    a(35,49,42, 0)
    z( 9)
    .db  0, 0, 0, 0, 0, 0, 0, 0, 0, 0, 9, 8, 8, 8, 8, 8
    .db 1,1,1,1

    ; Mermod - 300 exp, 105 au
    e(18,220,100,  36, 1,41,60)
    a(36,47,42, 0)
    z( 0)
    .db  0, 0, 0, 0, 0, 0, 0, 0, 0, 0, 0, 5, 5, 2, 2, 2
    .db 1,1,2,0

    ; Yagwo - 325 exp, 40 au
    e(19,360, 0,  38, 1,38,44)
    a(40,40,36, 0)
    z( 0)
    .db  0, 0, 0, 0, 0, 0, 0, 0, 0, 0, 0, 0, 0, 0, 0, 0
    .db 1,1,2,0

    ; Sponge - 300 exp, 0 au
    e(18,120,400,   1, 1, 1,52)
    a( 1,46,35, 0)
    z( 8)
    .db  6, 6, 6, 6, 9, 3, 3, 3, 3, 3, 3, 3, 3, 3,22,22
    .db 1,0,2,1

    blank
    blank
    blank
    blank
    blank
    blank
    blank
    blank
    blank
    blank
    blank
    blank
    blank
    ; Boss Wolf - 200 exp, 50 au
    e( 7,170, 0,  12, 1,12,23)
    a(13,16,21, 0)
    z( 0)
    .db  0, 0, 0, 0, 0, 0, 0, 0, 0, 0, 0, 0, 0, 0, 0, 0
    .db 1,1,1,1

    ; Boss Tree - 800 exp, 0 au
    e(14,750,150,  13, 1,32,35)
    a(12,30,21, 0)
    z( 0)
    .db 21,21,21,21,21,21,21,22,22,22, 2, 2, 2, 2,10,10
    .db 1,0,2,1

    ; BossExanima - 1400 exp, 0 au
    e(20,450,100,  22, 1,15,59)
    a(19,33,19, 0)
    z( 0)
    .db  0, 0, 0, 0, 0, 0, 0, 0, 0, 0, 0, 0, 0, 0, 0,10
    .db 1,1,1,1

    ; Boss Yeti - 2500 exp, 0 au
    e(21,1600,200,  35, 1,39,55)
    a(35,44,37, 0)
    z( 0)
    .db  0, 0, 0, 0, 0, 0, 0, 0, 0, 0, 0, 0, 0, 0, 0, 0
    .db 1,0,1,1

    ; Boss Omega - 0 exp, 0 au
    e(25,6000,1000,  45, 1,28,80)
    a(45,150,25, 0)
    z( 0)
    .db  0, 0, 0, 0, 0, 0, 0, 0, 0, 0, 0, 0, 0, 0, 0, 5
    .db 2,2,2,2

    ; Boss Omega2 - 0 exp, 0 au
    e(20,1200,200,  53, 1,43,55)
    a(53,57,36, 0)
    z( 0)
    .db  0, 0, 0, 0, 0, 0, 0, 0, 0, 0, 0, 0, 0, 0, 5, 5
    .db 1,1,2,0

    ; Boss Omega3 - 8000 exp, 2000 au
    e(20,1800,200,  53, 1,43,55)
    a(53,57,36, 0)
    z( 0)
    .db  0, 0, 0, 0, 0, 0, 0, 0, 0, 0, 0, 0, 0, 0, 5, 5
    .db 1,1,2,0

    ; Boss Omega3 - 8000 exp, 2000 au
    e(20,1800,200,  53, 1,43,55)
    a(53,57,36, 0)
    z( 0)
    .db  0, 0, 0, 0, 0, 0, 0, 0, 0, 0, 0, 0, 0, 0, 5, 5
    .db 1,1,2,0
	
    ; Kraken - 8000 exp, 2000 au
    e(20,1800,200,  53, 1,43,55)
    a(53,57,36, 0)
    z( 0)
    .db  0, 0, 0, 0, 0, 0, 0, 0, 0, 0, 0, 0, 0, 0, 5, 5
    .db 1,1,1,1

	
    ; Final Boss1 - 8000 exp, 2000 au
    e( 25,6500, 900,   56, 1, 45, 45)
    a( 60, 56, 40, 7)
    z( 0)
    .db  0, 0, 0, 0, 0, 0, 0, 0, 0, 0, 0, 0, 4, 1, 1, 1
    .db 1,1,1,1

	; Final Boss2 - 8000 exp, 2000 au
    e( 25,6500, 900,   56, 1, 45, 45)
    a( 60, 56, 40, 7)
    z( 0)
    .db  0, 0, 0, 0, 0, 0, 0, 0, 0, 0, 0, 0, 4, 1, 1, 1
    .db 1,1,1,1
	
    blank
    blank
    blank
    blank
    blank
    blank
    blank
    blank
    blank
    blank
    blank
    blank
    blank
    blank
    blank
    blank
    blank
    blank
    blank
    blank
    blank
    blank
    blank
    blank
    blank
    blank
    blank
    blank
    blank
    blank
    blank
    blank
    blank
    blank
    blank
    blank
    blank
    blank
    blank

    ; Formation data
form001:
    ; Fight1
    info(180, 1,  4,5)
    bp( 4, 4)
    bp( 3, 5)
    bp( 5, 5)
    bp( 4, 5)
    be( 0,  4, 2)

form002:
    ; Fight2
    info(181, 2,  9,10)
    bp( 6, 3)
    bp( 7, 3)
    bp( 5, 3)
    bp( 6, 2)
    be( 0,  5, 5)
    be( 0,  8, 4)

form003:
    ; Fight3
    info(180, 2,  12,12)
    bp( 4, 4)
    bp( 3, 5)
    bp( 5, 5)
    bp( 4, 5)
    be( 0,  4, 2)
    be( 1,  6, 3)

form004:
    ; Fight4
    info(181, 2,  9,10)
    bp( 6, 3)
    bp( 7, 3)
    bp( 5, 3)
    bp( 6, 2)
    be( 0,  6, 5)
    be( 0,  5, 5)

form005:
    ; Fight1
    info(181, 2,  9,10)
    bp( 6, 3)
    bp( 7, 3)
    bp( 5, 3)
    bp( 6, 2)
    be( 0,  5, 5)
    be( 0,  8, 4)

form006:
    ; Fight2
    info(180, 2,  12,12)
    bp( 4, 4)
    bp( 3, 5)
    bp( 5, 5)
    bp( 4, 5)
    be( 0,  4, 2)
    be( 1,  6, 3)

form007:
    ; Fight3
    info(181, 2,  9,10)
    bp( 6, 3)
    bp( 7, 3)
    bp( 5, 3)
    bp( 6, 2)
    be( 0,  5, 5)
    be( 0,  6, 5)

form008:
    ; Fight4
    info(181, 1,  18,9)
    bp( 6, 3)
    bp( 7, 3)
    bp( 5, 3)
    bp( 6, 2)
    be( 2,  5, 5)

form009:
    ; Fight5
    info(180, 2,  16,14)
    bp( 4, 4)
    bp( 3, 5)
    bp( 5, 5)
    bp( 4, 5)
    be( 1,  4, 2)
    be( 1,  5, 3)

form010:
    ; Fight1
    info(182, 2,  9,10)
    bp( 4, 5)
    bp( 3, 5)
    bp( 4, 6)
    bp( 3, 6)
    be( 0,  5, 4)
    be( 0,  6, 4)

form011:
    ; Fight2
    info(182, 1,  8,7)
    bp( 4, 5)
    bp( 3, 5)
    bp( 4, 6)
    bp( 3, 6)
    be( 1,  6, 4)

form012:
    ; Fight3
    info(183, 3,  13,15)
    bp( 5, 3)
    bp( 6, 2)
    bp( 4, 2)
    bp( 5, 2)
    be( 0,  5, 5)
    be( 0,  6, 4)
    be( 0,  3, 4)

form013:
    ; Fight4
    info(183, 2,  12,12)
    bp( 5, 3)
    bp( 6, 2)
    bp( 4, 2)
    bp( 5, 2)
    be( 0,  3, 4)
    be( 1,  7, 4)

form014:
    ; Fight1
    info(184, 3,  40,45)
    bp( 3, 6)
    bp( 3, 7)
    bp( 2, 7)
    bp( 2, 6)
    be( 4,  5, 6)
    be( 4,  6, 5)
    be( 4,  6, 6)

form015:
    ; Fight2
    info(184, 3,  27,23)
    bp( 3, 6)
    bp( 3, 7)
    bp( 2, 7)
    bp( 2, 6)
    be( 1,  4, 5)
    be( 1,  6, 6)
    be( 3,  5, 6)

form016:
    ; Fight3
    info(185, 5,  40,45)
    bp( 6, 6)
    bp( 5, 7)
    bp( 7, 7)
    bp( 6, 7)
    be( 0,  5, 4)
    be( 0,  6, 4)
    be( 0,  7, 5)
    be( 4,  5, 3)
    be( 4,  6, 3)

form017:
    ; Fight4
    info(185, 3,  27,19)
    bp( 6, 6)
    bp( 5, 7)
    bp( 7, 7)
    bp( 6, 7)
    be( 0,  5, 3)
    be( 0,  5, 5)
    be( 2,  6, 4)

form018:
    ; LabGolem
    info(186, 1,  41,25)
    bp( 5, 6)
    bp( 5, 5)
    bp( 4, 6)
    bp( 4, 5)
    be( 5,  6, 7)

form019:
    ; BossWolf
    info(187, 3,  230,80)
    bp( 6, 6)
    bp( 5, 7)
    bp( 7, 7)
    bp( 6, 7)
    be( 4,  5, 5)
    be( 4,  6, 4)
    be(100,  6, 2)

form020:
    ; Gutana
    info(194, 4,  537,363)
    bp( 4, 6)
    bp( 4, 2)
    bp( 2, 5)
    bp( 5, 3)
    be( 7,  4, 4)
    be( 6,  3, 6)
    be( 6,  4, 5)
    be( 6,  5, 6)

form021:
    ; ThreeWolves
    info(195, 3,  132,0)
    bp( 6, 5)
    bp( 6, 4)
    bp( 7, 4)
    bp( 7, 5)
    be( 8,  4, 4)
    be( 9,  4, 5)
    be(10,  4, 6)

form022:
    ; Victor1
    info(196, 1,  5,0)
    bp( 5, 5)
    bp( 5, 6)
    bp( 6, 4)
    bp( 6, 5)
    be(13,  3, 5)

form023:
    ; BossTree
    info(197, 4,  844,0)
    bp( 6, 6)
    bp( 7, 6)
    bp( 4, 4)
    bp( 7, 5)
    be(22,  4, 5)
    be(22,  5, 5)
    be(22,  3, 5)
    be(101,  5, 4)

form024:
    ; Duel
    info(200, 1,  5,0)
    bp( 5, 6)
    bp( 1,54)
    bp( 0,69)
    bp( 0, 0)
    be(30,  5, 5)

form025:
    ; BossRyan
    info(215, 5,  1568,572)
    bp( 4, 5)
    bp( 3, 6)
    bp( 5, 6)
    bp( 4, 6)
    be(23,  4, 3)
    be(24,  2, 4)
    be(24,  6, 4)
    be(44,  2, 5)
    be(44,  6, 5)

form026:
    ; BossRagnops
    info(201, 5,  417,200)
    bp( 5, 4)
    bp( 6, 3)
    bp( 4, 3)
    bp( 5, 3)
    be(25,  5, 6)
    be(25,  4, 6)
    be(25,  3, 6)
    be(25,  6, 6)
    be(25,  7, 5)

form027:
    ; BossExanima
    info(216, 4,  1711,0)
    bp( 4, 6)
    bp( 1,54)
    bp( 0,69)
    bp( 0, 0)
    be(43,  4, 3)
    be(43,  1, 5)
    be(43,  7, 5)
    be(102,  4, 4)

form028:
    ; Tasm
    info(188, 1,  307,0)
    bp( 4, 4)
    bp( 5, 5)
    bp( 6, 4)
    bp( 6, 3)
    be(51,  5, 4)

form029:
    ; Fight1
    info(188, 3,  17,17)
    bp( 3, 6)
    bp( 3, 5)
    bp( 2, 6)
    bp( 2, 5)
    be( 0,  5, 4)
    be( 0,  6, 5)
    be( 1,  6, 4)

form030:
    ; Fight2
    info(188, 2,  36,18)
    bp( 6, 4)
    bp( 5, 4)
    bp( 7, 4)
    bp( 6, 3)
    be( 2,  3, 5)
    be( 2,  4, 6)

form031:
    ; Fight3
    info(189, 2,  16,14)
    bp( 3, 6)
    bp( 2, 6)
    bp( 3, 7)
    bp( 4, 6)
    be( 1,  3, 4)
    be( 1,  4, 4)

form032:
    ; Fight4
    info(189, 3,  30,21)
    bp( 4, 4)
    bp( 3, 4)
    bp( 5, 4)
    bp( 4, 3)
    be( 2,  3, 5)
    be( 1,  4, 6)
    be( 0,  3, 6)

form033:
    ; Fight1
    info(180, 2,  46,28)
    bp( 4, 4)
    bp( 3, 5)
    bp( 5, 5)
    bp( 4, 5)
    be(16,  5, 2)
    be(16,  2, 3)

form034:
    ; Fight2
    info(180, 2,  31,24)
    bp( 5, 3)
    bp( 5, 2)
    bp( 6, 3)
    bp( 6, 2)
    be( 4,  4, 4)
    be( 2,  2, 2)

form035:
    ; Fight3
    info(181, 3,  50,44)
    bp( 5, 5)
    bp( 4, 4)
    bp( 5, 6)
    bp( 4, 5)
    be( 4,  6, 2)
    be( 4,  8, 4)
    be(16,  7, 4)

form036:
    ; Fight1
    info(190, 2,  52,36)
    bp( 6, 4)
    bp( 5, 5)
    bp( 7, 5)
    bp( 6, 5)
    be(14,  5, 2)
    be(14,  7, 3)

form037:
    ; Fight2
    info(190, 3,  68,38)
    bp( 7, 3)
    bp( 5, 2)
    bp( 7, 2)
    bp( 6, 1)
    be(15,  4, 3)
    be(15,  5, 4)
    be(16,  7, 5)

form038:
    ; Fight3
    info(191, 3,  71,44)
    bp( 4, 5)
    bp( 6, 5)
    bp( 5, 7)
    bp( 7, 7)
    be(14,  4, 4)
    be(15,  7, 5)
    be(16,  4, 3)

form039:
    ; Fight4
    info(191, 3,  74,48)
    bp( 7, 4)
    bp( 5, 4)
    bp( 7, 2)
    bp( 5, 2)
    be(15,  4, 5)
    be(14,  7, 6)
    be(14,  5, 6)

form040:
    ; Fight1
    info(192, 2,  65,38)
    bp( 3, 6)
    bp( 3, 7)
    bp( 2, 5)
    bp( 2, 6)
    be(17,  5, 4)
    be(17,  6, 5)

form041:
    ; Fight2
    info(192, 1,  37,25)
    bp( 6, 4)
    bp( 5, 4)
    bp( 7, 4)
    bp( 6, 3)
    be(18,  4, 5)

form042:
    ; Fight3
    info(193, 2,  55,42)
    bp( 4, 4)
    bp( 3, 4)
    bp( 5, 4)
    bp( 4, 3)
    be( 6,  3, 7)
    be( 6,  2, 5)

form043:
    ; Fight4
    info(193, 2,  60,40)
    bp( 3, 6)
    bp( 2, 6)
    bp( 3, 7)
    bp( 2, 7)
    be(17,  5, 4)
    be( 6,  4, 4)

form044:
    ; Fight5
    info(193, 2,  64,46)
    bp( 3, 6)
    bp( 2, 5)
    bp( 4, 5)
    bp( 3, 5)
    be(18,  4, 4)
    be( 6,  3, 4)

form045:
    ; Fight1
    info(180, 4,  73,58)
    bp( 5, 3)
    bp( 4, 2)
    bp( 6, 2)
    bp( 5, 2)
    be( 4,  2, 4)
    be( 4,  5, 5)
    be(16,  2, 2)
    be(16,  6, 4)

form046:
    ; Fight2
    info(180, 3,  58,30)
    bp( 4, 4)
    bp( 3, 4)
    bp( 4, 5)
    bp( 3, 5)
    be( 2,  5, 3)
    be( 2,  4, 2)
    be(15,  6, 3)

form047:
    ; Fight3
    info(181, 4,  90,50)
    bp( 5, 5)
    bp( 4, 4)
    bp( 5, 6)
    bp( 4, 5)
    be(15,  6, 2)
    be(15,  7, 6)
    be(15,  8, 4)
    be(16,  7, 4)

form048:
    ; Fight4
    info(181, 4,  77,50)
    bp( 6, 3)
    bp( 5, 3)
    bp( 7, 3)
    bp( 6, 2)
    be( 4,  4, 4)
    be(15,  8, 4)
    be(16,  5, 5)
    be( 2,  6, 5)

form049:
    ; Fight1
    info(182, 3,  129,87)
    bp( 4, 4)
    bp( 3, 5)
    bp( 4, 3)
    bp( 3, 4)
    be(20,  6, 3)
    be(20,  6, 5)
    be(20,  5, 6)

form050:
    ; Fight2
    info(182, 3,  138,59)
    bp( 5, 6)
    bp( 4, 6)
    bp( 6, 6)
    bp( 5, 7)
    be(21,  4, 4)
    be(21,  6, 4)
    be(19,  5, 3)

form051:
    ; Fight3
    info(183, 5,  177,105)
    bp( 5, 6)
    bp( 4, 6)
    bp( 6, 6)
    bp( 5, 7)
    be(16,  2, 4)
    be(16,  8, 4)
    be(20,  4, 2)
    be(20,  6, 4)
    be(21,  6, 2)

form052:
    ; Fight4
    info(183, 3,  135,69)
    bp( 5, 3)
    bp( 4, 2)
    bp( 6, 2)
    bp( 5, 2)
    be(20,  4, 4)
    be(21,  6, 4)
    be(19,  3, 6)

form053:
    ; Fight5
    info(182, 2,  94,42)
    bp( 5, 6)
    bp( 4, 6)
    bp( 6, 6)
    bp( 5, 7)
    be(19,  4, 3)
    be(19,  6, 3)

form054:
    ; Fight1
    info(182, 4,  92,56)
    bp( 5, 4)
    bp( 4, 3)
    bp( 6, 3)
    bp( 5, 3)
    be(16,  3, 6)
    be(16,  4, 5)
    be(16,  6, 5)
    be(16,  7, 6)

form055:
    ; Fight2
    info(183, 3,  34,27)
    bp( 5, 6)
    bp( 4, 6)
    bp( 6, 6)
    bp( 5, 7)
    be( 3,  4, 4)
    be( 3,  5, 4)
    be( 3,  6, 4)

form056:
    ; Fight3
    info(182, 3,  40,45)
    bp( 5, 6)
    bp( 4, 6)
    bp( 6, 6)
    bp( 5, 7)
    be( 4,  5, 4)
    be( 4,  3, 5)
    be( 4,  7, 5)

form057:
    ; Fight 1
    info(180, 4,  159,71)
    bp( 4, 5)
    bp( 5, 5)
    bp( 6, 4)
    bp( 5, 4)
    be(21,  5, 3)
    be(21,  4, 4)
    be(16,  2, 2)
    be(21,  6, 2)

form058:
    ; Fight2
    info(181, 3,  138,59)
    bp( 8, 4)
    bp( 6, 5)
    bp( 8, 5)
    bp( 7, 6)
    be(21,  7, 3)
    be(19,  4, 4)
    be(21,  5, 6)

form059:
    ; Fight3
    info(180, 3,  148,84)
    bp( 3, 5)
    bp( 4, 4)
    bp( 4, 5)
    bp( 5, 5)
    be(20,  4, 2)
    be(21,  2, 3)
    be(31,  6, 3)

form060:
    ; Fight1
    info(198, 2,  116,69)
    bp( 6, 5)
    bp( 5, 6)
    bp( 7, 6)
    bp( 6, 6)
    be(28,  6, 2)
    be(31,  4, 3)

form061:
    ; Fight2
    info(198, 3,  187,84)
    bp( 6, 5)
    bp( 5, 6)
    bp( 7, 6)
    bp( 6, 6)
    be(34,  6, 3)
    be(31,  6, 4)
    be(31,  4, 4)

form062:
    ; Fight3
    info(198, 3,  190,57)
    bp( 6, 5)
    bp( 5, 6)
    bp( 7, 6)
    bp( 6, 6)
    be(34,  4, 4)
    be(34,  8, 4)
    be(28,  6, 2)

form063:
    ; Fight1
    info(202, 7,  283,35)
    bp( 5, 5)
    bp( 4, 4)
    bp( 5, 4)
    bp( 6, 4)
    be(32,  2, 4)
    be(32,  3, 3)
    be(32,  4, 6)
    be(32,  7, 6)
    be(32,  5, 3)
    be(32,  6, 5)
    be(32,  7, 4)

form064:
    ; Fight2
    info(203, 4,  231,62)
    bp( 6, 5)
    bp( 5, 6)
    bp( 7, 6)
    bp( 6, 6)
    be(32,  6, 3)
    be(32,  3, 6)
    be(25,  4, 4)
    be(34,  3, 3)

form065:
    ; Fight3
    info(202, 2,  124,46)
    bp( 4, 2)
    bp( 5, 3)
    bp( 4, 3)
    bp( 5, 4)
    be(27,  0, 0)
    be(27, 10, 0)

form066:
    ; Fight4
    info(201, 3,  224,101)
    bp( 5, 4)
    bp( 5, 5)
    bp( 4, 4)
    bp( 6, 4)
    be(25,  6, 3)
    be(25,  3, 6)
    be(33,  5, 7)

form067:
    ; Fight5
    info(203, 6,  286,53)
    bp( 4, 2)
    bp( 3, 3)
    bp( 3, 2)
    bp( 2, 2)
    be(32,  4, 6)
    be(32,  5, 6)
    be(32,  6, 5)
    be(32,  7, 5)
    be(33,  5, 7)
    be(34,  7, 6)

form068:
    ; Fight1
    info(180, 2,  134,24)
    bp( 4, 4)
    bp( 3, 4)
    bp( 3, 5)
    bp( 2, 4)
    be(34,  4, 1)
    be(34,  6, 4)

form069:
    ; Fight2
    info(181, 3,  191,58)
    bp( 8, 4)
    bp( 6, 5)
    bp( 7, 6)
    bp( 8, 5)
    be(34,  5, 4)
    be(27,  5, 6)
    be(27,  7, 4)

form070:
    ; Fight3
    info(181, 3,  172,102)
    bp( 5, 5)
    bp( 6, 5)
    bp( 4, 5)
    bp( 5, 6)
    be(28,  7, 4)
    be(31,  4, 3)
    be(28,  8, 5)

form071:
    ; Fight4
    info(180, 3,  180,108)
    bp( 4, 4)
    bp( 5, 5)
    bp( 4, 5)
    bp( 3, 5)
    be(31,  6, 4)
    be(31,  2, 4)
    be(31,  5, 4)

form072:
    ; Fight1
    info(182, 3,  223,113)
    bp( 5, 5)
    bp( 6, 5)
    bp( 6, 4)
    bp( 7, 5)
    be(25,  5, 7)
    be(25,  4, 4)
    be(28,  3, 6)

form073:
    ; Fight2
    info(183, 4,  244,117)
    bp( 4, 4)
    bp( 5, 4)
    bp( 5, 3)
    bp( 4, 3)
    be(31,  7, 3)
    be(31,  2, 4)
    be(32,  8, 4)
    be(25,  6, 5)

form074:
    ; Fight3
    info(182, 2,  143,76)
    bp( 4, 6)
    bp( 5, 6)
    bp( 5, 7)
    bp( 6, 6)
    be(25,  5, 4)
    be(31,  3, 5)

form075:
    ; Fight1
    info(188, 3,  267,135)
    bp( 4, 4)
    bp( 5, 5)
    bp( 3, 5)
    bp( 4, 5)
    be(44,  2, 5)
    be(44,  3, 6)
    be(24,  7, 4)

form076:
    ; Fight2
    info(188, 4,  338,106)
    bp( 5, 5)
    bp( 5, 6)
    bp( 6, 4)
    bp( 6, 5)
    be(44,  7, 4)
    be(44,  5, 4)
    be(37,  4, 6)
    be(37,  3, 5)

form077:
    ; Fight3
    info(189, 4,  358,127)
    bp( 4, 4)
    bp( 3, 4)
    bp( 4, 3)
    bp( 5, 4)
    be(44,  4, 6)
    be(24,  2, 6)
    be(24,  4, 7)
    be(37,  3, 7)

form078:
    ; Fight4
    info(204, 2,  173,98)
    bp( 4, 5)
    bp( 5, 6)
    bp( 6, 6)
    bp( 5, 7)
    be(44,  6, 3)
    be(44,  5, 4)

form079:
    ; Fight1
    info(180, 4,  402,98)
    bp( 5, 4)
    bp( 4, 4)
    bp( 6, 4)
    bp( 5, 5)
    be(52,  6, 2)
    be(52,  4, 2)
    be(52,  3, 5)
    be(41,  4, 3)

form080:
    ; Fight2
    info(181, 3,  303,47)
    bp( 5, 4)
    bp( 6, 3)
    bp( 7, 3)
    bp( 5, 5)
    be(50,  8, 4)
    be(50,  7, 6)
    be(41,  8, 5)

form081:
    ; Fight3
    info(180, 4,  413,94)
    bp( 4, 4)
    bp( 3, 5)
    bp( 5, 5)
    bp( 4, 5)
    be(41,  2, 3)
    be(41,  6, 3)
    be(50,  6, 4)
    be(50,  2, 4)

form082:
    ; Fight1
    info(182, 4,  391,114)
    bp( 5, 6)
    bp( 4, 6)
    bp( 6, 6)
    bp( 5, 7)
    be(42,  6, 4)
    be(42,  4, 4)
    be(41,  3, 5)
    be(41,  7, 5)

form083:
    ; Fight2
    info(183, 4,  386,0)
    bp( 4, 4)
    bp( 6, 2)
    bp( 6, 5)
    bp( 4, 6)
    be(50,  3, 6)
    be(50,  6, 4)
    be(50,  3, 3)
    be(50,  8, 5)

form084:
    ; Fight1
    info(205, 3,  352,112)
    bp( 5, 4)
    bp( 6, 4)
    bp( 6, 3)
    bp( 7, 4)
    be(47,  3, 4)
    be(47,  5, 6)
    be(48,  4, 6)

form085:
    ; Fight2
    info(205, 3,  339,68)
    bp( 5, 5)
    bp( 6, 4)
    bp( 7, 4)
    bp( 6, 3)
    be(46,  4, 3)
    be(46,  7, 6)
    be(45,  4, 6)

form086:
    ; Fight3
    info(206, 4,  461,101)
    bp( 6, 5)
    bp( 5, 6)
    bp( 7, 6)
    bp( 6, 6)
    be(48,  3, 3)
    be(48,  5, 2)
    be(48,  7, 2)
    be(47,  5, 4)

form087:
    ; Fight4
    info(206, 4,  456,114)
    bp( 3, 3)
    bp( 5, 2)
    bp( 6, 6)
    bp( 7, 2)
    be(47,  5, 4)
    be(46,  6, 4)
    be(45,  6, 3)
    be(48,  5, 5)

form088:
    ; Fight1
    info(207, 4,  314,110)
    bp( 5, 6)
    bp( 4, 6)
    bp( 6, 6)
    bp( 5, 7)
    be(53,  4, 3)
    be(53,  5, 4)
    be(53,  6, 3)
    be(40,  5, 3)

form089:
    ; Fight2
    info(208, 2,  236,40)
    bp( 5, 5)
    bp( 4, 5)
    bp( 6, 5)
    bp( 5, 6)
    be(40,  3, 4)
    be(40,  7, 6)

form090:
    ; Fight3
    info(207, 2,  193,0)
    bp( 5, 6)
    bp( 4, 6)
    bp( 6, 6)
    bp( 5, 7)
    be(50,  4, 4)
    be(50,  6, 4)

form091:
    ; Fight4
    info(208, 2,  228,67)
    bp( 3, 5)
    bp( 7, 5)
    bp( 4, 6)
    bp( 6, 6)
    be(41,  5, 4)
    be(40,  5, 5)

form092:
    ; Fight5
    info(207, 1,  110,47)
    bp( 5, 6)
    bp( 4, 5)
    bp( 6, 4)
    bp( 5, 4)
    be(41,  5, 5)

form093:
    ; Fight1
    info(192, 4,  560,151)
    bp( 5, 4)
    bp( 6, 4)
    bp( 7, 5)
    bp( 6, 3)
    be(29,  2, 6)
    be(57,  2, 5)
    be(57,  4, 6)
    be(57,  3, 6)

form094:
    ; Fight2
    info(193, 4,  534,122)
    bp( 2, 5)
    bp( 4, 5)
    bp( 3, 5)
    bp( 3, 6)
    be(57,  2, 6)
    be(57,  4, 4)
    be(58,  2, 7)
    be(58,  5, 4)

form095:
    ; Fight3
    info(193, 6,  832,219)
    bp( 3, 4)
    bp( 4, 4)
    bp( 4, 3)
    bp( 5, 4)
    be(57,  2, 6)
    be(57,  3, 6)
    be(57,  4, 6)
    be(29,  3, 7)
    be(58,  2, 7)
    be(58,  4, 7)

form096:
    ; Fight4
    info(192, 4,  524,108)
    bp( 4, 4)
    bp( 5, 5)
    bp( 5, 6)
    bp( 6, 5)
    be(57,  6, 3)
    be(57,  3, 6)
    be(57,  7, 4)
    be(57,  3, 7)

form097:
    ; Fight1
    info(182, 3,  433,96)
    bp( 5, 6)
    bp( 4, 6)
    bp( 6, 6)
    bp( 5, 7)
    be(54,  3, 4)
    be(54,  5, 3)
    be(54,  7, 4)

form098:
    ; Fight2
    info(182, 4,  623,113)
    bp( 5, 4)
    bp( 5, 6)
    bp( 4, 5)
    bp( 5, 5)
    be(54,  6, 3)
    be(55,  4, 3)
    be(56,  4, 6)
    be(55,  6, 6)

form099:
    ; Fight3
    info(183, 5,  868,43)
    bp( 5, 6)
    bp( 6, 6)
    bp( 4, 6)
    bp( 5, 7)
    be(59,  3, 4)
    be(59,  4, 4)
    be(59,  6, 4)
    be(59,  7, 4)
    be(56,  5, 2)

form100:
    ; Fight4
    info(183, 4,  623,113)
    bp( 5, 4)
    bp( 5, 5)
    bp( 4, 4)
    bp( 6, 4)
    be(56,  5, 3)
    be(55,  7, 4)
    be(55,  3, 4)
    be(54,  5, 6)

form101:
    ; Fight1
    info(198, 3,  507,60)
    bp( 7, 5)
    bp( 7, 6)
    bp( 8, 4)
    bp( 8, 5)
    be(38,  4, 3)
    be(38,  5, 6)
    be(26,  6, 3)

form102:
    ; Fight2
    info(199, 2,  376,120)
    bp( 4, 3)
    bp( 6, 3)
    bp( 4, 4)
    bp( 6, 4)
    be(26,  3, 4)
    be(26,  7, 4)

form103:
    ; Fight3
    info(198, 6,  1053,0)
    bp( 4, 4)
    bp( 8, 4)
    bp( 6, 2)
    bp( 6, 6)
    be(59,  6, 3)
    be(59,  6, 5)
    be(59,  5, 4)
    be(59,  5, 5)
    be(59,  7, 4)
    be(59,  7, 5)

form104:
    ; Fight4
    info(199, 4,  698,60)
    bp( 5, 4)
    bp( 4, 4)
    bp( 6, 4)
    bp( 5, 5)
    be(38,  3, 3)
    be(26,  6, 3)
    be(59,  3, 5)
    be(59,  4, 5)

form105:
    ; Fight1
    info(198, 4,  727,120)
    bp( 6, 5)
    bp( 5, 6)
    bp( 7, 6)
    bp( 6, 6)
    be(26,  5, 4)
    be(26,  7, 4)
    be(59,  4, 4)
    be(59,  8, 4)

form106:
    ; Fight2
    info(198, 4,  682,60)
    bp( 6, 3)
    bp( 5, 3)
    bp( 7, 3)
    bp( 6, 2)
    be(38,  4, 3)
    be(38,  8, 3)
    be(26,  6, 6)
    be(59,  6, 5)

form107:
    ; Fight3
    info(199, 3,  564,180)
    bp( 5, 2)
    bp( 3, 5)
    bp( 7, 3)
    bp( 5, 6)
    be(26,  3, 3)
    be(26,  7, 5)
    be(26,  5, 4)

form108:
    ; Fight1
    info(227, 3,  813,160)
    bp( 6, 5)
    bp( 5, 6)
    bp( 7, 6)
    bp( 6, 6)
    be(61,  5, 4)
    be(61,  7, 4)
    be(62,  6, 3)

form109:
    ; Fight2
    info(228, 4,  1020,160)
    bp( 5, 4)
    bp( 6, 3)
    bp( 4, 3)
    bp( 5, 3)
    be(61,  3, 6)
    be(61,  5, 7)
    be(61,  6, 6)
    be(61,  7, 5)

form110:
    ; Fight3
    info(227, 2,  607,160)
    bp( 6, 5)
    bp( 7, 6)
    bp( 5, 6)
    bp( 6, 6)
    be(62,  4, 4)
    be(62,  8, 4)

form111:
    ; Fight4
    info(228, 3,  862,200)
    bp( 6, 4)
    bp( 6, 5)
    bp( 6, 6)
    bp( 7, 6)
    be(62,  4, 3)
    be(62,  3, 5)
    be(61,  4, 6)

form112:
    ; Fight1
    info(180, 3,  1,0)
    bp( 4, 4)
    bp( 3, 5)
    bp( 5, 5)
    bp( 4, 5)
    be(78,  2, 2)
    be(78,  3, 2)
    be(39,  6, 2)

form113:
    ; Fight2
    info(181, 3,  1,0)
    bp( 7, 4)
    bp( 7, 6)
    bp( 8, 4)
    bp( 8, 5)
    be(78,  5, 6)
    be(39,  6, 2)
    be(39,  5, 4)

form114:
    ; Fight3
    info(180, 3,  335,40)
    bp( 4, 2)
    bp( 3, 2)
    bp( 5, 2)
    bp( 4, 1)
    be(85,  4, 4)
    be(78,  2, 3)
    be(78,  6, 4)

form115:
    ; Fight1
    info(182, 3,  1063,480)
    bp( 3, 4)
    bp( 7, 6)
    bp( 7, 4)
    bp( 3, 6)
    be(74,  5, 3)
    be(74,  5, 5)
    be(74,  5, 7)

form116:
    ; Fight2
    info(183, 4,  310,15)
    bp( 4, 4)
    bp( 3, 5)
    bp( 3, 4)
    bp( 2, 4)
    be(39,  6, 3)
    be(39,  6, 4)
    be(39,  6, 5)
    be(80,  8, 4)

form117:
    ; Fight3
    info(183, 3,  981,320)
    bp( 5, 5)
    bp( 4, 5)
    bp( 6, 5)
    bp( 5, 6)
    be(83,  4, 3)
    be(83,  6, 3)
    be(74,  5, 3)

form118:
    ; Fight4
    info(182, 1,  0,0)
    bp( 5, 3)
    bp( 5, 7)
    bp( 7, 5)
    bp( 3, 5)
    be(76,  5, 5)

form119:
    ; Fight1
    info(209, 4,  1291,460)
    bp( 5, 6)
    bp( 4, 6)
    bp( 6, 6)
    bp( 5, 7)
    be(81,  4, 3)
    be(74,  5, 4)
    be(81,  6, 3)
    be(82,  5, 3)

form120:
    ; Fight2
    info(209, 4,  1236,400)
    bp( 5, 3)
    bp( 5, 4)
    bp( 5, 5)
    bp( 5, 6)
    be(81,  4, 4)
    be(81,  4, 5)
    be(81,  6, 4)
    be(81,  6, 5)

form121:
    ; Fight3
    info(210, 3,  972,360)
    bp( 6, 4)
    bp( 4, 4)
    bp( 4, 5)
    bp( 6, 5)
    be(81,  5, 4)
    be(74,  5, 5)
    be(81,  5, 6)

form122:
    ; Fight4
    info(210, 5,  1560,440)
    bp( 3, 4)
    bp( 7, 4)
    bp( 7, 6)
    bp( 3, 6)
    be(81,  4, 4)
    be(81,  4, 5)
    be(81,  6, 4)
    be(81,  6, 5)
    be(75,  5, 5)

form123:
    ; Fight5
    info(209, 6,  1874,600)
    bp( 5, 4)
    bp( 4, 3)
    bp( 6, 3)
    bp( 5, 3)
    be(81,  3, 5)
    be(81,  4, 5)
    be(82,  3, 6)
    be(81,  7, 5)
    be(81,  6, 5)
    be(82,  7, 6)

form124:
    ; Fight1
    info(211, 3,  978,170)
    bp( 2, 2)
    bp( 6, 2)
    bp( 6, 4)
    bp( 2, 4)
    be(79,  4, 2)
    be(49,  4, 3)
    be(79,  4, 4)

form125:
    ; Fight2
    info(211, 4,  1398,380)
    bp( 2, 3)
    bp( 3, 4)
    bp( 3, 5)
    bp( 2, 4)
    be(49,  3, 2)
    be(79,  5, 3)
    be(79,  5, 4)
    be(77,  6, 3)

form126:
    ; Fight3
    info(212, 6,  1910,290)
    bp( 4, 2)
    bp( 3, 3)
    bp( 5, 3)
    bp( 4, 3)
    be(80,  1, 2)
    be(79,  1, 4)
    be(79,  7, 2)
    be(80,  7, 4)
    be(49,  4, 0)
    be(49,  4, 5)

form127:
    ; Fight4
    info(212, 6,  2132,680)
    bp( 3, 1)
    bp( 5, 1)
    bp( 5, 5)
    bp( 3, 5)
    be(49,  1, 2)
    be(77,  1, 3)
    be(79,  1, 4)
    be(49,  7, 2)
    be(77,  7, 3)
    be(79,  7, 4)

form128:
    ; Fight5
    info(211, 3,  955,145)
    bp( 4, 2)
    bp( 4, 3)
    bp( 3, 4)
    bp( 5, 5)
    be(80,  6, 2)
    be(49,  2, 2)
    be(79,  6, 3)

form129:
    ; Fight1
    info(213, 4,  1254,320)
    bp( 5, 5)
    bp( 4, 4)
    bp( 6, 4)
    bp( 5, 4)
    be(83,  3, 6)
    be(83,  4, 6)
    be(83,  6, 6)
    be(83,  7, 6)

form130:
    ; Fight2
    info(214, 5,  1563,425)
    bp( 5, 3)
    bp( 3, 5)
    bp( 7, 5)
    bp( 5, 7)
    be(83,  4, 3)
    be(83,  6, 3)
    be(83,  4, 5)
    be(83,  6, 5)
    be(84,  5, 6)

form131:
    ; Fight3
    info(214, 5,  1579,200)
    bp( 5, 6)
    bp( 4, 6)
    bp( 6, 6)
    bp( 5, 7)
    be(83,  4, 4)
    be(85,  5, 5)
    be(83,  6, 4)
    be(86,  4, 3)
    be(86,  6, 3)

form132:
    ; Fight4
    info(213, 4,  1261,250)
    bp( 4, 5)
    bp( 3, 6)
    bp( 5, 5)
    bp( 4, 6)
    be(85,  3, 4)
    be(84,  7, 5)
    be(84,  6, 6)
    be(86,  7, 6)

form133:
    ; Fight5
    info(214, 4,  1296,240)
    bp( 5, 4)
    bp( 4, 3)
    bp( 6, 3)
    bp( 5, 3)
    be(83,  3, 6)
    be(85,  4, 6)
    be(85,  6, 6)
    be(83,  7, 6)

form134:
    ; Fight1
    info(180, 0,  0,0)
    bp(111,78)
    bp( 1,54)
    bp( 0,69)
    bp( 0, 0)

form135:
    ; Fight2
    info(180, 0,  0,0)
    bp(111,78)
    bp( 1,54)
    bp( 0,69)
    bp( 0, 0)

form136:
    ; Fight3
    info(180, 0,  0,0)
    bp(111,78)
    bp( 1,54)
    bp( 0,69)
    bp( 0, 0)

form137:
    ; Fight4
    info(180, 0,  0,0)
    bp(111,78)
    bp( 1,54)
    bp( 0,69)
    bp( 0, 0)

form138:
    ; Kassim1
    info(220, 2,  447,120)
    bp( 5, 5)
    bp( 5, 4)
    bp( 6, 5)
    bp( 6, 4)
    be(60,  5, 7)
    be(60,  3, 5)

form139:
    ; Kassim2
    info(221, 3,  702,160)
    bp( 5, 4)
    bp( 4, 3)
    bp( 6, 3)
    bp( 5, 3)
    be(61,  5, 6)
    be(60,  7, 5)
    be(60,  3, 5)

form140:
    ; KassimBoss
    info(220, 1,  12,0)
    bp( 6, 4)
    bp( 5, 4)
    bp( 4, 3)
    bp( 6, 3)
    be(104,  5, 6)

form141:
    ; MountainBoss
    info(222, 1,  2510,0)
    bp( 5, 4)
    bp( 6, 3)
    bp( 4, 3)
    bp( 5, 3)
    be(103,  5, 6)

form142:
    ; MagiBoss
    info(229, 1,  8010,2000)
    bp( 4, 5)
    bp( 3, 6)
    bp( 5, 6)
    bp( 4, 6)
    be(106,  4, 3)

form143:
    ; WaveBoss
    info(218, 0,  0,0)
    bp(111,78)
    bp( 1,54)
    bp( 0,69)
    bp( 0, 0)

form144:
    ; SandBoss
    info(226, 0,  0,0)
    bp(111,78)
    bp( 1,54)
    bp( 0,69)
    bp( 9, 5)

form145:
    ; IceBoss
    info(217, 0,  0,0)
    bp(111,78)
    bp( 1,54)
    bp( 0,69)
    bp( 0, 0)

form146:
    ; SnowBoss
    info(217, 0,  0,0)
    bp( 5, 6)
    bp( 4, 6)
    bp( 6, 6)
    bp( 5, 7)

form147:
    ; TurrenBoss
    info(219, 1,  657,200)
    bp( 4, 4)
    bp( 3, 5)
    bp( 5, 5)
    bp( 4, 5)
    be(64,  4, 3)

form148:
    ; Alutha
    info(223, 2,  447,120)
    bp( 5, 5)
    bp( 4, 4)
    bp( 6, 4)
    bp( 5, 4)
    be(60,  2, 6)
    be(60,  6, 6)

form149:
    ; Fight1
    info(223, 2,  447,120)
    bp( 5, 5)
    bp( 4, 4)
    bp( 6, 4)
    bp( 5, 4)
    be(60,  4, 6)
    be(60,  6, 6)

form150:
    ; Fight2
    info(223, 3,  702,160)
    bp( 5, 5)
    bp( 4, 4)
    bp( 6, 4)
    bp( 5, 4)
    be(60,  4, 6)
    be(60,  6, 6)
    be(61,  5, 7)

form151:
    ; Fight3
    info(225, 1,  303,80)
    bp( 4, 5)
    bp( 6, 5)
    bp( 4, 4)
    bp( 6, 4)
    be(62,  5, 6)

form152:
    ; Fight4
    info(225, 2,  510,80)
    bp( 3, 5)
    bp( 3, 4)
    bp( 7, 5)
    bp( 7, 4)
    be(61,  4, 5)
    be(61,  4, 4)

form153:
    ; Fight5
    info(224, 1,  303,80)
    bp( 4, 4)
    bp( 4, 5)
    bp( 9, 9)
    bp( 8, 8)
    be(62,  3, 5)

form154:
    ; Fight6
    info(226, 2,  510,80)
    bp( 5, 7)
    bp( 4, 7)
    bp( 9, 9)
    bp( 8, 8)
    be(61,  5, 5)
    be(61,  3, 5)

form155:
    ; Fight7
    info(224, 4,  957,200)
    bp( 4, 4)
    bp( 6, 4)
    bp( 4, 5)
    bp( 6, 5)
    be(60,  3, 4)
    be(61,  3, 6)
    be(60,  7, 4)
    be(61,  7, 6)

form156:
    ; Fight8
    info(224, 2,  607,160)
    bp( 4, 4)
    bp( 6, 4)
    bp( 4, 6)
    bp( 6, 6)
    be(62,  3, 4)
    be(62,  3, 6)

form157:
    ; Boss
    info(224, 1,  10,0)
    bp( 4, 4)
    bp( 5, 5)
    bp( 4, 5)
    bp( 5, 6)
    be(105,  7, 5)

form158:
    ; Fight1
    info(231, 3,  564,180)
    bp( 5, 4)
    bp( 6, 3)
    bp( 4, 3)
    bp( 5, 3)
    be(26,  3, 5)
    be(26,  5, 6)
    be(26,  7, 5)

form159:
    ; Fight2
    info(231, 3,  526,0)
    bp( 5, 7)
    bp( 6, 6)
    bp( 4, 6)
    bp( 5, 6)
    be(59,  4, 4)
    be(59,  5, 4)
    be(59,  6, 4)

form160:
    ; Fight3
    info(231, 4,  714,60)
    bp( 5, 4)
    bp( 6, 5)
    bp( 6, 4)
    bp( 5, 5)
    be(59,  5, 3)
    be(59,  7, 4)
    be(59,  7, 5)
    be(59,  7, 6)

form161:
    ; Kraitgolems
    info(180, 3,  2400,0)
    bp( 5, 4)
    bp( 6, 5)
    bp( 6, 4)
    bp( 5, 5)
    be( 66,  4, 2)
    be( 66,  7, 4)
	be( 66,  5, 6)

form162:
    ; Krait
    info(180, 1,  8000,0)
    bp( 2, 4)
    bp( 3, 5)
    bp( 6, 4)
    bp( 5, 5)
    be( 72,  4, 2)
	
form163:
    ; AluthaFight
    info(216, 1,  8700,0)
    bp( 4, 6)
    bp( 5, 6)
    bp( 3, 5)
    bp( 3, 6)
    be(73,  4, 4)

form164:
    ; FINAL
    info(216, 1,  0,0)
    bp( 4, 6)
    bp( 5, 6)
    bp( 3, 5)
    bp( 3, 6)
    be(107,  4, 4)

